-----------------------------------------------------
Current Output:
----------------------------------------------------
Nafisa:InformationRetrieval$ ./experiment.py
Reading Task1 Docs ...
Extracting noun phrases ...
Training Task1 ...
Printing Task1 Outputs ...

IDX	precision	recall
0	0.1247	0.6049
1	0.2692	0.3182
2	0.0269	0.6279
3	0.0312	0.7667
4	0.0029	0.25
5	0.2108	0.6863
6	0.0	0.0
7	0.0	0.0
8	0.0033	0.1667
9	0.0142	0.6667
10	0.0072	0.5
11	0.0149	0.4
12	0.0523	0.6735
13	0.0	0.0
14	0.004	0.2857
15	0.0	0.0
16	0.0	0.0
17	0.1481	0.5714
18	0.0	0.0
19	0.0	0.0
20	0.0455	0.1667
21	0.0038	0.5385
22	0.0	0.0
23	0.0	0.0
24	0.0866	0.4231
25	0.0	0.0
26	0.0	0.0
27	0.0	0.0
28	0.0	0.0
29	0.0455	0.4706

Overall Precision Recall
 0.0364 0.2706

 -----------------------------------------------------
 Debug for 0 precision and 0 recall
 ----------------------------------------------------
